0.07018057954947154
0.07018057954947154
0.07018057954947154
0.07018057954947154
0.07018057954947154
0.07018057954947154
0.07018057954947154
0.07018057954947154
0.07018057954947154
0.07018057954947154
0.07018057954947154
0.037511719964224755
0.037511719964224755
0.037511719964224755
0.037511719964224755
0.037511719964224755
0.037511719964224755
0.037511719964224755
0.037511719964224755
0.037511719964224755
0.037511719964224755
0.04114940155450806
0.04114940155450806
0.04114940155450806
0.04114940155450806
0.04114940155450806
0.04114940155450806
0.04114940155450806
0.04114940155450806
0.04114940155450806
0.04114940155450806
0.04727904122900857
0.04727904122900857
0.04727904122900857
0.04727904122900857
0.04727904122900857
0.04727904122900857
0.04727904122900857
0.04727904122900857
0.04727904122900857
0.04727904122900857
0.059620073745689166
0.059620073745689166
0.059620073745689166
0.059620073745689166
0.059620073745689166
0.059620073745689166
0.059620073745689166
0.059620073745689166
0.059620073745689166
0.059620073745689166
0.0722845485179866
0.0722845485179866
0.0722845485179866
0.0722845485179866
0.0722845485179866
0.0722845485179866
0.0722845485179866
0.0722845485179866
0.0722845485179866
0.0722845485179866
0.08995274585151422
0.08995274585151422
0.08995274585151422
0.08995274585151422
0.08995274585151422
0.08995274585151422
0.08995274585151422
0.08995274585151422
0.08995274585151422
0.08995274585151422
0.10350817744352012
0.10350817744352012
0.10350817744352012
0.10350817744352012
0.10350817744352012
0.10350817744352012
0.10350817744352012
0.10350817744352012
0.10350817744352012
0.10350817744352012
0.12294345408337405
0.12294345408337405
0.12294345408337405
0.12294345408337405
0.12294345408337405
0.12294345408337405
0.12294345408337405
0.12294345408337405
0.12294345408337405
0.12294345408337405
0.14427580679199425
0.14427580679199425
0.14427580679199425
0.14427580679199425
0.14427580679199425
0.14427580679199425
0.14427580679199425
0.14427580679199425
0.14427580679199425
0.14427580679199425
0.16677591614457285
0.16677591614457285
0.16677591614457285
0.16677591614457285
0.16677591614457285
0.16677591614457285
0.16677591614457285
0.16677591614457285
0.16677591614457285
0.16677591614457285
0.1884740210847411
0.1884740210847411
0.1884740210847411
0.1884740210847411
0.1884740210847411
0.1884740210847411
0.1884740210847411
0.1884740210847411
0.1884740210847411
0.1884740210847411
0.21821172625700797
0.21821172625700797
0.21821172625700797
0.21821172625700797
0.21821172625700797
0.21821172625700797
0.21821172625700797
0.21821172625700797
0.21821172625700797
0.21821172625700797
0.25209968945231426
0.25209968945231426
0.25209968945231426
0.25209968945231426
0.25209968945231426
0.25209968945231426
0.25209968945231426
0.25209968945231426
0.25209968945231426
0.25209968945231426
0.2848319475549734
0.2848319475549734
0.2848319475549734
0.2848319475549734
0.2848319475549734
0.2848319475549734
0.2848319475549734
0.2848319475549734
0.2848319475549734
0.2848319475549734
0.3228102392194738
0.3228102392194738
0.3228102392194738
0.3228102392194738
0.3228102392194738
0.3228102392194738
0.3228102392194738
0.3228102392194738
0.3228102392194738
0.3228102392194738
0.36535926333030344
0.36535926333030344
0.36535926333030344
0.36535926333030344
0.36535926333030344
0.36535926333030344
0.36535926333030344
0.36535926333030344
0.36535926333030344
0.36535926333030344
0.41988883370415075
0.41988883370415075
0.41988883370415075
0.41988883370415075
0.41988883370415075
0.41988883370415075
0.41988883370415075
0.41988883370415075
0.41988883370415075
0.41988883370415075
0.4627891716172363
0.4627891716172363
0.4627891716172363
0.4627891716172363
0.4627891716172363
0.4627891716172363
0.4627891716172363
0.4627891716172363
0.4627891716172363
0.4627891716172363
0.49738573015683846
0.49738573015683846
0.49738573015683846
0.49738573015683846
0.49738573015683846
0.49738573015683846
0.49738573015683846
0.49738573015683846
0.49738573015683846
0.49738573015683846
0.5235177947390143
0.5235177947390143
0.5235177947390143
0.5235177947390143
0.5235177947390143
0.5235177947390143
0.5235177947390143
0.5235177947390143
