0.5155844155844155
0.5155844155844155
0.4599206349206349
0.4599206349206349
0.41428571428571426
0.41428571428571426
0.37857142857142856
0.37857142857142856
0.346984126984127
0.346984126984127
0.31279761904761905
0.5168116605616606
0.4822092939739998
0.5136732548497254
0.4768025184691851
0.52487974987975
0.49167236272499426
0.5072112098427888
0.4777713952713952
0.512611138861139
0.4835834800120515
0.5557828414971272
0.5305199850654396
0.5575974530519986
0.5280839933013847
0.5637179245874897
0.5402296777296777
0.5741654179154178
0.551198801198801
0.5627146774793832
0.5365263507231832
0.5910631726242584
0.5655903404269416
0.5875923277884061
0.5666068875102487
0.5740485296682775
0.5516900836373452
0.559174702502342
0.5383024302838544
0.5477089877786471
0.5276690394062808
0.6118906304520442
0.5908074681638377
0.6167936923579928
0.5951725714773476
0.6119781712930186
0.5925167502277081
0.6052289782049151
0.5879367216847746
0.5950697636754209
0.5767242712019934
0.6065670710529821
0.5888220150785772
0.5979881235850851
0.5807592267352156
0.5946100388641437
0.578066235544594
0.5931066801845178
0.5767855066863985
0.5994803642012997
0.5836748185245116
0.6039220657486714
0.5884501728523355
0.609247653044274
0.59416098577629
0.586478423097366
0.572137608394522
0.5819690357011239
0.5682179914191156
0.5729214959889423
0.5592780459272019
0.5843802017668487
0.5709306381601225
0.5846101780956612
0.5724307993853349
0.5851961553311865
0.5722898654833655
0.5903418605993259
0.5774612420961668
0.5998938033441548
0.5874211631221997
0.599362477960314
0.5870685965603328
0.5923384678950899
0.580335055962503
0.587544166167323
0.5757029027573538
0.5953414313889708
0.5837336797426563
0.5839001726063742
0.5728100686303875
0.5852352383368217
0.5743425039118615
0.5649001402070959
0.5545535000123643
0.5649239245434962
0.554722461998837
0.5631899833856924
0.5532027179408641
0.5677537451399373
0.5578217945950983
0.5552673383120726
0.5457921075377332
0.5623568616068515
0.5529552459514766
0.562728938494114
0.5534374447128684
0.5638612985975182
0.5545453411387036
0.5573026207133339
0.5483550058138633
0.5726101199990876
0.5640637002976087
0.5634279163447884
0.55464926941771
0.5637146526454835
0.5549624377949256
0.5669916167322729
0.5583196722949249
0.5673801369333736
0.5589703989404001
0.5670567925797221
0.5587901056434936
0.5601184691309666
0.5520001581494706
0.5587766063788894
0.5508573382311805
0.5529465281722727
0.5452222181426272
0.5409976221680155
0.5335000976744816
0.5380673400384187
0.5306903679058412
0.5332846377536126
0.5259532787506297
0.5161809592396659
0.5096470230467587
0.5215525924772663
0.5150331850713005
0.5481987160400515
0.5411123445659972
0.5581095158809904
0.5509379423437827
0.5654928619825728
0.5584094805948839
0.5761713333380739
0.5690162117540243
0.5743238978389641
0.5672733005318529
0.5688704337327227
0.561990832596857
0.5659198652682815
0.5591793402654335
0.5597117026004146
0.5533513423435917
0.5529153998710492
0.5464036302818974
0.5528016562497033
0.5464471425176967
0.5503456916043786
0.5440651963156498
0.5585233626918082
0.5521157354150731
0.5512236505397492
0.5450474471435571
0.5413369268323897
0.535323383246803
0.5383631167171926
0.532431245063516
0.5357356290993432
0.5299101310870565
0.5449124684193214
0.5390906940518393
0.5404400466351188
0.5346811056468751
0.5398530570644933
0.5341759870865863
0.5379114198792271
0.5323310069791362
0.5458068961378363
0.5401586569956459
0.5455276616869348
0.5399853502328451
0.5498407845563199
0.5443073100859036
0.5632544189296207
0.5576688078866023
0.5608127435264681
0.5552300509323269
0.5593999680434529
0.5539205820048582
0.5537102370784054
0.5483524623728712
0.5499377814401276
0.5448457649453116
0.5510104142416877
0.5457850059512037
0.5506386721158444
0.5454727699175239
0.548391171506748
0.5433036873372566
0.5459002820256124
0.5408857464760041
0.5509050555456161
0.5458573843944915
0.5414886974366264
0.536576748592211
0.5400134084546567
0.5351701860143463
0.535383315741053
0.5305994655540068
0.53513238636785
0.5304088521138363
0.5333082375943643
0.5286338937784375
0.5279601184347801
0.5233885244787885
0.5261600958584618
0.5216356686286776
0.5290913063641801
0.5244408538704418
0.5307215182161463
0.5262320542343943
0.524454056783976
0.5200433181779255
0.5343640484492593
0.5299235719139755
0.5373721314058352
0.5329598641360351
0.5364858031017905
0.5320810927969756
0.5474842244000703
0.5430358673791602
0.5516146607861558
0.5471601586892716
0.5551701892023811
0.5507374320109947
0.5577064947785234
0.5532935083943824
0.5562885099288878
0.5519321252514237
0.5536596105486193
0.5493526792556868
0.5492668356104163
0.5450321120445031
0.5492334617965791
0.5450111183960524
0.5480934228338941
0.5439250523575045
0.5465419955940635
0.5425233044499894
0.5479906611588133
0.5438635450742656
0.5475381069003595
0.5434602148179355
0.5496728059590372
0.5455513913577483
0.5462528796484257
0.542252673571701
0.5460758337843509
0.5420741287761733
0.555194518942218
0.5511972197064676
0.5502687449892665
0.5463113532474606
0.5474657824069413
0.5435537749199741
0.5504454185491545
0.546546667059125
0.5515114865904713
0.5476310598309888
0.5432176943583503
0.5394260602868478
0.5402914094278879
0.5365383661573546
0.5395497436946302
0.5358342831422445
0.5341311595463497
0.530484425299254
0.5327218491991783
0.5291107685069586
0.5288228265954631
0.5253437290520718
0.5275403753086281
0.5239796014664395
0.5319460566215575
0.5283908948990316
0.5316369022914678
0.528122801563642
0.5262552112597871
0.5227899882213229
0.522445969965936
0.5190338901062969
0.5240307987906107
0.5206328882234098
0.5233088980690155
0.5199437033632724
0.5257405518154377
0.5223836962488047
0.5277565217305848
0.5243976568502022
0.5342727980253644
0.5308818732923746
0.5324456713528667
0.5290771649082425
0.5381421362200131
0.5347808324615364
0.5400511287768301
0.5367077279153609
0.5406167685710226
0.5372881631366755
0.5374701079015688
0.5341815292975243
0.5361517738424618
0.5328928924917329
0.5342915674037831
0.5310597436665625
0.5222331574333281
0.5191017275899167
0.5224294906050791
0.5192963367142177
0.5237794414891748
0.5206593275469159
0.5273170157866698
0.5241884158521911
0.5244509560024829
0.5213632053519897
0.5231289616962181
0.5200820207180857
0.5238185861777359
0.5207795546179698
0.516920716058427
0.514000260035498
0.5158191474411504
0.5128561871297266
0.5164049642019436
0.5134559006506623
0.5176126816051771
0.5146660010276892
0.5174837498913278
0.5145595085857919
0.5265514283768123
0.5236015622379756
0.527396828460393
0.5244522328637051
0.5293945354295431
0.5264517825957682
0.5254800957545541
0.5225820974414246
0.5247797443577403
0.5219022403336379
0.5207455567023029
0.5179037624688378
0.5174414508537638
0.5146056411317501
0.5140841747941931
0.5112989057230078
0.5184860002458518
0.5156953554533265
0.5145265131612968
0.5117785484129809
0.521378160860365
0.5186112950820524
0.5188628982862398
0.5161193281472322
0.5222263836170615
0.5194864423752888
0.5226516718134451
0.5199151244877898
0.523098552395528
0.5203769284554676
0.5226751065087246
0.5199715492521703
0.5229999556967286
0.5203056733712216
0.5235530179470533
0.5208669889230121
0.52331790153968
0.5206519807991642
0.5239271477023607
0.5212606356940187
0.5213378561485933
0.5187087888754435
0.5285241643604071
0.5258785851378497
0.5294417677340433
0.5267938576141751
0.5288632421716455
0.5262325035978263
0.5338837280368152
0.5312407711472916
0.5344775376057369
0.5318425126575235
0.5332552423870488
0.5306427842998012
0.5286575220376519
0.5260848087837751
0.5308563585656384
0.5282874335906645
0.52926732727583
0.5267181925379988
0.5268089871072585
0.5242851024745518
0.5256464568572707
0.523133903261374
0.5227237777952329
0.5202312130928868
0.5183126930109982
0.5158613928121308
0.5220750100577423
0.5196161272009482
0.5233648500441719
0.5209135487438442
0.5272427024676378
0.5247814658277906
0.5283769768010457
0.525915579341193
0.5284839647668573
0.5260419511505402
0.5276768918526574
0.5252401496943702
0.5258052725939495
0.5234367803750578
0.5219068377545031
0.5195216801581035
0.520385433975724
0.5180199766388814
0.517385802190456
0.5150363095704932
0.5150554276469901
0.5127423070957714
0.5193810405580727
0.5170512366737134
0.5195944498014349
0.5172724224831944
0.518059343409077
0.5157636489311023
0.5230659134769002
0.520753367354123
0.5235969443910926
0.5212943041085342
0.52267353781115
0.5203790917442708
0.5152602951301272
0.513014200829161
0.5172636250758491
0.5150132288337829
0.515719823516148
0.5132442180049293
0.5089489902469218
0.5067578674895092
0.5104909686247673
0.5083026542639719
0.5106915754244856
0.5085093771906226
0.5127655190276709
0.5105871341471767
0.510367529183791
0.508204261794236
0.5096663017782029
0.5075176971273696
0.510332549762647
0.5081841133091881
0.5106165442912461
0.5084824749448725
0.5098920359090332
0.507775234828832
0.5110322419243951
0.50890534703613
0.5105267600892196
0.5084176955221906
0.512749295986371
0.5106440410640787
0.5166286716465438
0.5145124421596834
0.5153841540680714
0.5132811732705445
0.5143582835436421
0.5122628728155266
0.5159616236194661
0.5138732507265461
0.5175317533759385
0.5154482010916849
0.5162889024577776
0.5142130010043654
0.5187399192214336
0.5166674533523158
0.5187580843844739
0.5166775845273384
0.5206161051114068
0.5185514206419327
0.5140829711878022
0.5120521022003142
0.5117416142918932
0.5097265566327116
0.5107895975153341
0.5087890157964812
0.5138032446616128
0.5117958727720262
0.5079118063797692
0.5059402075698084
0.5111404101462036
0.5091592934435647
0.5136179153850694
0.5116352939315312
0.5138712062023169
0.5118942598316304
0.5130926569880664
0.5111303293783291
0.5194830478143302
0.5175009659801266
0.526637009598264
0.5246364619129789
0.528030456333535
0.5260302890431857
0.5322653656935934
0.5302615464849444
0.5325443732064679
0.5305437154840046
0.5329681018424729
0.5309725856479428
0.5330597637708037
0.5310733148459714
0.5334860736220527
0.5315004849967128
0.534581266261228
0.532603015452961
0.5352696189614985
0.5332968713626512
0.5353833667369327
0.5334149890517657
0.5342993086478716
0.5323419391753917
0.5314975018147423
0.5295579402246647
0.5292041207856518
0.5272835473919296
0.5276763604074888
0.5257632973955962
0.5274311749064289
0.5255253265713594
0.5264987577352984
0.5246075481068524
0.5249926401932677
0.5231064007861478
0.5233832821089062
0.5215157610019374
0.5253688555235698
0.5234957904687508
0.5223774309786299
0.5205253231043765
0.5219056432684999
0.5200643169451126
0.523095247232398
0.5212562361276882
0.5221651845752426
0.5203323314098526
0.5194173007258543
0.5176014418633077
0.5186955646145858
0.5168854747934778
0.5188432276256739
0.5170395105471771
0.5213310309631479
0.5195292934747532
0.5237367910851254
0.521935313374417
0.5267362726358302
0.5249288895140242
0.5265656564088529
0.5247648830563498
0.5325254351101402
0.5307080918467509
0.5318220458877668
0.530010191683673
0.5269405299780978
0.5251533877414007
0.5256953731681113
0.5239212622466307
0.5248703551257599
0.5231051809415269
0.5220752547141156
0.5203465287051285
0.5188709740615317
0.5171368162242892
0.5223229524018103
0.5205830164048452
0.5211712428814212
0.5194420380305022
0.5186605257675861
0.5169446071714396
0.5176866415439756
0.5159809793655821
0.517103672376019
0.515402715329379
0.514841418974726
0.513153201071023
0.5133611374096793
0.511682218601862
0.5163376935373858
0.5146550043089413
0.5184065281621519
0.5167216450136402
0.5191128055040057
0.5174351764861193
0.5201831284219477
0.5185052518450401
0.5215187664307483
0.5198397449228042
0.5210143466284993
0.5193463431610361
0.5215585133618632
0.5198931700802458
0.5229006739617136
0.5212354332764845
0.5270021320095032
0.5253298774441806
0.5267972002414633
0.525133813948711
0.5283744961332614
0.5267047079227823
0.5280604292126125
0.5264025294142917
0.5268287539798504
0.5251772766598926
0.5243740379636233
0.5227366868059504
0.5244524015727381
0.5228207661823474
0.5226582401428638
0.5210363101247872
0.5213431225144963
0.5197286264043961
0.5202503852172042
0.5186450053653262
0.5192360430826441
0.5176400022576259
0.5162495091585609
0.5146651961616349
0.5164496690434016
0.5148711949659831
0.5133183536520712
0.5117554393170675
0.5117000281587072
0.5101464565414879
0.5091795783888355
0.5076372899731745
0.5111317645876147
0.5095887221308921
0.5091687786891014
0.5076354128637018
0.5074716462502364
0.5059493016886937
0.507647434696653
0.5061258582585498
0.5079327803847544
0.5064165060558673
0.5049660663842472
0.5034637185014604
0.5050091682107357
0.5035132548557247
0.5073718355607829
0.5058704841746676
0.5060449982965843
0.5045517649322729
0.5090069236887047
0.5075084835258962
0.5085600609976416
0.5070653117340388
0.5082511491211397
0.5067668027585296
0.5077134704101809
0.5062356408777757
0.5080967189466613
0.5066205651182565
0.5082208367235037
0.5067476864951999
0.5108716205164572
0.5093963335232918
0.5113201488394221
0.509846347981964
0.5100620528992371
0.50859784171209
0.5055855561047736
0.5041370666212781
0.5037227279508694
0.50228642879322
0.5019083077793006
0.5004784779540581
0.5035694056153337
0.5021382555730303
0.5023648671652692
0.500943996871619
0.5016791788457678
0.5002611360458169
0.5019589162042742
0.5005452805633734
0.4974915218015173
0.49609431482230953
0.49718701827102035
0.4957917780165156
0.49932461442821313
0.4979284833006803
0.4993717699311584
0.4979805242101702
0.4980208790206676
0.4966349881484301
0.500683153126574
0.4992980372250305
0.4979464528453919
0.4965694893386708
0.49637545172373704
0.4950064727489009
0.4951571192754141
0.4937978096652864
0.4954627786282744
0.4941053591713225
0.4948157593700192
0.4934627894845762
0.49587496661723324
0.49452366642891876
0.4949370564794102
0.4935920714382098
0.49424143431967293
0.49290209737643614
0.49451570191875466
0.4931791232463992
0.49338079153038394
0.4920519530907281
0.49465880716874383
0.4933286408940569
0.49036283421306337
0.48904810496428436
0.4872328038008628
0.4859303828779073
0.48594540221518073
0.4846479568308067
0.48407527262804734
0.482784424277076
0.4809404698210194
0.479663534851117
0.48069851005946096
0.47942621334049873
0.4800754381262179
0.47880634125537036
0.4818154207510386
0.4805463563403751
0.4812604651662516
0.47999679491975267
0.4832431673870561
0.481977318748712
0.4841523754655849
0.4828877114866331
0.4845885439234948
0.4833241615897548
0.4831427302642765
0.481887910995993
0.4850455356599077
0.48378707024264234
0.4844041971001096
0.4831501598334286
0.48554398332475096
0.4842917334124024
0.48481423653620204
0.4835682237501395
0.48567795449204726
0.4844311709597419
0.4864032660872816
0.48515735008672756
0.48910157166220986
0.48785333207006204
0.4888559061491319
0.48761079811373664
0.4865008618867334
0.48526604278400853
0.48868048505853606
0.48744178389848297
0.49251646996010223
0.491271466989043
0.49373254562047747
0.49248999821655487
0.49382349632506384
0.492582838750864
0.4936791088520082
0.49244149498049833
0.49148142416552587
0.49025126576318273
0.4881448486747847
0.48692600549337295
0.4873038477209536
0.4860914033632608
0.48796534725936574
0.48675477060975325
0.49002652143933384
0.48881333192948156
0.4934734875343246
0.49225428893175016
0.4950111687992848
0.49379048533919323
0.49615363566875315
0.4949329433051235
0.4962894886920225
0.49507277131310606
0.4976605666226792
0.4964435429782844
0.4999293086685459
0.49870890248169614
0.49908503779937874
0.49787130000649255
0.4986760443873762
0.49746575081766226
0.5006133496014884
0.4994016945200099
0.5015433727988722
0.5003295273553054
0.4994972592580081
0.49829218311257223
0.5004990016332376
0.4992965182738645
0.5006870169768908
0.49948670875694856
0.5002000464687565
0.49900392223113726
0.5004040664565106
0.4992091792089515
0.5030930011539537
0.5018953185668281
0.501955958197787
0.5007619390009411
0.5025175948794457
0.5013266436508277
0.5036883601098259
0.5024989293642241
0.5032929555723218
0.5021063530514993
0.5021917041442239
0.5010090820503768
0.5038501588656491
0.5026680807683617
0.5057987185920447
0.5046139953400803
0.504220960082143
0.5030423730017384
0.5051977373628785
0.504019905618438
0.5029447092453677
0.5017858504683046
0.5046180086921763
0.5034478114882305
0.5035967823872493
0.5024313231138346
0.5064658847706798
0.5052971524320042
0.5040149638432072
0.5028532729724875
0.504147285774141
0.5029878600121314
0.5030784210712765
0.5019255520330691
0.5024996945001766
0.5013498319522889
0.5014024699073386
0.5002568122176946
0.5036291619079604
0.5024819400741445
0.5033276413565624
0.5021833556031214
0.5014208600136858
0.500284060615188
0.4992046713016705
0.4980758219936669
0.49965196512767013
0.49852428499641466
0.49772184318057633
0.4966011301254332
0.49777577497835945
0.4966562335882127
0.4981089733145698
0.4969924013686954
0.4979663335840109
0.4968535396187654
0.4996070219520607
0.4984904535464253
0.49987516082914385
0.4987585882393119
0.5023883130201782
0.5012722781252755
0.5006027264617784
