1.4
1.4
1.4545454545454546
1.4545454545454546
1.5
1.5
1.6153846153846154
1.6153846153846154
1.6428571428571428
1.6428571428571428
1.6666666666666667
1.4666666666666666
1.5
1.5
1.4705882352941178
1.411764705882353
1.4444444444444444
1.4444444444444444
1.4736842105263157
1.4736842105263157
1.45
1.35
1.380952380952381
1.380952380952381
1.4090909090909092
1.4090909090909092
1.4782608695652173
1.4782608695652173
1.5416666666666667
1.5416666666666667
1.56
1.36
1.4230769230769231
1.4230769230769231
1.4814814814814814
1.5555555555555556
1.5714285714285714
1.5357142857142858
1.5517241379310345
1.4827586206896552
1.5
1.3333333333333333
1.3548387096774193
1.3225806451612903
1.34375
1.3125
1.3333333333333333
1.3636363636363635
1.4411764705882353
1.3529411764705883
1.3714285714285714
1.5714285714285714
1.6111111111111112
1.5833333333333333
1.6216216216216217
1.6216216216216217
1.631578947368421
1.631578947368421
1.6666666666666667
1.641025641025641
1.675
1.475
1.4878048780487805
1.4878048780487805
1.5
1.5
1.5348837209302326
1.4883720930232558
1.5227272727272727
1.5
1.5333333333333334
1.3555555555555556
1.3695652173913044
1.3478260869565217
1.3829787234042554
1.4042553191489362
1.4166666666666667
1.4375
1.469387755102041
1.4285714285714286
1.44
1.46
1.4705882352941178
1.4705882352941178
1.4807692307692308
1.4615384615384615
1.490566037735849
1.4339622641509433
1.4444444444444444
1.462962962962963
1.4727272727272727
1.4545454545454546
1.4642857142857142
1.4107142857142858
1.4210526315789473
1.3508771929824561
1.3793103448275863
1.4137931034482758
1.423728813559322
1.3728813559322033
1.4
1.7666666666666666
1.7704918032786885
1.7704918032786885
1.7741935483870968
1.7741935483870968
1.7936507936507937
1.7777777777777777
1.796875
1.8125
1.8307692307692307
1.476923076923077
1.5151515151515151
1.5
1.5223880597014925
1.507462686567164
1.5147058823529411
1.4558823529411764
1.4782608695652173
1.434782608695652
1.4285714285714286
1.457142857142857
1.4788732394366197
1.4929577464788732
1.5
1.5
1.5068493150684932
1.4931506849315068
1.5135135135135136
1.472972972972973
1.48
1.4533333333333334
1.4605263157894737
1.394736842105263
1.4155844155844155
1.3636363636363635
1.3846153846153846
1.3846153846153846
1.4050632911392404
1.4177215189873418
1.4375
1.5
1.5185185185185186
1.5061728395061729
1.524390243902439
1.548780487804878
1.5662650602409638
1.5783132530120483
1.5833333333333333
1.5238095238095237
1.5411764705882354
1.4705882352941178
1.4767441860465116
1.441860465116279
1.4597701149425288
1.4367816091954022
1.4431818181818181
1.4090909090909092
1.4157303370786516
1.449438202247191
1.4555555555555555
1.4222222222222223
1.4285714285714286
1.4175824175824177
1.423913043478261
1.434782608695652
1.4408602150537635
1.4408602150537635
1.446808510638298
1.4574468085106382
1.4736842105263157
1.4631578947368422
1.46875
1.53125
1.5463917525773196
1.4845360824742269
1.5
1.4795918367346939
1.4848484848484849
1.4646464646464648
1.48
1.42
1.4257425742574257
1.4158415841584158
1.4215686274509804
1.4215686274509804
1.4271844660194175
1.4077669902912622
1.4230769230769231
1.4423076923076923
1.457142857142857
1.4761904761904763
1.4811320754716981
1.4622641509433962
1.4766355140186915
1.4766355140186915
1.4814814814814814
1.4722222222222223
1.4770642201834863
1.4220183486238531
1.4272727272727272
1.4636363636363636
1.4684684684684686
1.4594594594594594
1.4642857142857142
1.4375
1.4424778761061947
1.4778761061946903
1.4824561403508771
1.5
1.4956521739130435
1.4434782608695653
1.4482758620689655
1.4482758620689655
1.4615384615384615
1.4700854700854702
1.4830508474576272
1.4745762711864407
1.4789915966386555
1.4789915966386555
1.4916666666666667
1.4416666666666667
1.4545454545454546
1.4545454545454546
1.4672131147540983
1.4508196721311475
1.4552845528455285
1.4308943089430894
1.435483870967742
1.4274193548387097
1.44
1.44
1.4523809523809523
1.4523809523809523
1.4645669291338583
1.4409448818897639
1.4453125
1.5234375
1.5348837209302326
1.558139534883721
1.5692307692307692
1.4384615384615385
1.4427480916030535
1.4122137404580153
1.4166666666666667
1.4090909090909092
1.4210526315789473
1.3759398496240602
1.3880597014925373
1.373134328358209
1.3925925925925926
1.348148148148148
1.3529411764705883
1.3823529411764706
1.3868613138686132
1.3941605839416058
1.4057971014492754
1.4057971014492754
1.4172661870503598
1.4172661870503598
1.4214285714285715
1.4142857142857144
1.4184397163120568
1.3971631205673758
1.4014084507042253
1.3943661971830985
1.3986013986013985
1.4265734265734267
1.4305555555555556
1.4375
1.4413793103448276
1.4896551724137932
1.5
1.4931506849315068
1.5034013605442176
1.5170068027210883
1.5202702702702702
1.5202702702702702
1.5302013422818792
1.5100671140939597
1.52
1.4866666666666666
1.4966887417218544
1.4768211920529801
1.486842105263158
1.4736842105263157
1.477124183006536
1.4640522875816993
1.474025974025974
1.4610389610389611
1.4709677419354839
1.4774193548387098
1.4807692307692308
1.435897435897436
1.4458598726114649
1.4458598726114649
1.4493670886075949
1.4303797468354431
1.440251572327044
1.4339622641509433
1.44375
1.4625
1.4658385093167703
1.434782608695652
1.4382716049382716
1.4135802469135803
1.4171779141104295
1.4171779141104295
1.420731707317073
1.396341463414634
1.4
1.496969696969697
1.5060240963855422
1.5240963855421688
1.532934131736527
1.526946107784431
1.5297619047619047
1.5416666666666667
1.544378698224852
1.514792899408284
1.5235294117647058
1.4705882352941178
1.4736842105263157
1.4502923976608186
1.4534883720930232
1.4534883720930232
1.4624277456647399
1.4566473988439306
1.4597701149425288
1.4425287356321839
1.4457142857142857
1.5085714285714287
1.5227272727272727
1.5284090909090908
1.536723163841808
1.5649717514124293
1.5730337078651686
1.5561797752808988
1.5642458100558658
1.5363128491620113
1.538888888888889
1.3777777777777778
1.3812154696132597
1.3867403314917126
1.39010989010989
1.3736263736263736
1.3770491803278688
1.4043715846994536
1.4076086956521738
1.423913043478261
1.427027027027027
1.3783783783783783
1.381720430107527
1.381720430107527
1.3850267379679144
1.4064171122994653
1.4095744680851063
1.3829787234042554
1.3862433862433863
1.4074074074074074
1.4105263157894736
1.4210526315789473
1.4240837696335078
1.4240837696335078
1.4270833333333333
1.4427083333333333
1.4455958549222798
1.4663212435233162
1.4742268041237114
1.4690721649484537
1.471794871794872
1.4512820512820512
1.4540816326530612
1.4540816326530612
1.4568527918781726
1.4517766497461928
1.4545454545454546
1.4595959595959596
1.4623115577889447
1.4623115577889447
1.465
1.485
1.492537313432836
1.4577114427860696
1.4603960396039604
1.4405940594059405
1.4433497536945812
1.4236453201970443
1.4264705882352942
1.411764705882353
1.4195121951219511
1.4292682926829268
1.4320388349514563
1.441747572815534
1.4444444444444444
1.429951690821256
1.4326923076923077
1.4086538461538463
1.4114832535885167
1.4114832535885167
1.4190476190476191
1.4952380952380953
1.5023696682464456
1.5450236966824644
1.5471698113207548
1.528301886792453
1.5305164319248827
1.5023474178403755
1.5046728971962617
1.5233644859813085
1.5255813953488373
1.4511627906976745
1.4537037037037037
1.4166666666666667
1.4193548387096775
1.4101382488479262
1.4174311926605505
1.389908256880734
1.3972602739726028
1.4155251141552512
1.4181818181818182
1.5227272727272727
1.5339366515837105
1.5475113122171946
1.554054054054054
1.563063063063063
1.5695067264573992
1.5784753363228698
1.5848214285714286
1.5446428571428572
1.5466666666666666
1.4666666666666666
1.4690265486725664
1.4646017699115044
1.4669603524229076
1.449339207048458
1.456140350877193
1.4298245614035088
1.4323144104803494
1.4410480349344978
1.4434782608695653
1.517391304347826
1.5238095238095237
1.5411255411255411
1.543103448275862
1.5560344827586208
1.5622317596566524
1.5708154506437768
1.5769230769230769
1.547008547008547
1.553191489361702
1.4936170212765958
1.5
1.4703389830508475
1.4725738396624473
1.481012658227848
1.4831932773109244
1.4663865546218486
1.4728033472803348
1.4644351464435146
1.4666666666666666
1.4833333333333334
1.4896265560165975
1.4896265560165975
1.4917355371900827
1.4834710743801653
1.4897119341563787
1.5020576131687242
1.5081967213114753
1.5081967213114753
1.5142857142857142
1.457142857142857
1.4593495934959348
1.4308943089430894
1.437246963562753
1.4291497975708503
1.4314516129032258
1.3951612903225807
1.3975903614457832
1.4056224899598393
1.412
1.452
1.454183266932271
1.450199203187251
1.4563492063492063
1.4206349206349207
1.4229249011857708
1.4387351778656126
1.4409448818897639
1.4291338582677164
1.4313725490196079
1.3607843137254902
1.36328125
1.359375
1.3618677042801557
1.3579766536964981
1.3604651162790697
1.3565891472868217
1.3629343629343629
1.3745173745173744
1.376923076923077
1.4115384615384616
1.4137931034482758
1.3908045977011494
1.3931297709923665
1.4045801526717556
1.4068441064638784
1.414448669201521
1.4166666666666667
1.3977272727272727
1.4
1.4792452830188678
1.481203007518797
1.518796992481203
1.5205992509363295
1.5131086142322097
1.5149253731343284
1.5111940298507462
1.516728624535316
1.4981412639405205
1.5037037037037038
1.4259259259259258
1.4280442804428044
1.4169741697416973
1.4191176470588236
1.4154411764705883
1.4212454212454213
1.3956043956043955
1.397810218978102
1.4124087591240877
1.4145454545454546
1.4545454545454546
1.4565217391304348
1.463768115942029
1.4693140794223827
1.4512635379061372
1.4532374100719425
1.4568345323741008
1.4623655913978495
1.4802867383512546
1.4857142857142858
1.4785714285714286
1.480427046263345
1.4697508896797153
1.475177304964539
1.4822695035460993
1.4840989399293287
1.469964664310954
1.4753521126760563
1.4788732394366197
1.4842105263157894
1.407017543859649
1.4125874125874125
1.416083916083916
1.4181184668989546
1.4181184668989546
1.4236111111111112
1.4340277777777777
1.439446366782007
1.4221453287197232
1.4275862068965517
1.4586206896551723
1.4639175257731958
1.4536082474226804
1.4589041095890412
1.452054794520548
1.453924914675768
1.4505119453924915
1.4557823129251701
1.4625850340136055
1.4677966101694915
1.4
1.402027027027027
1.3952702702702702
1.4006734006734007
1.387205387205387
1.3926174496644295
1.3825503355704698
1.3846153846153846
1.37123745819398
1.3733333333333333
1.4533333333333334
1.458471760797342
1.4817275747508305
1.4834437086092715
1.5033112582781456
1.504950495049505
1.5148514851485149
1.5164473684210527
1.5263157894736843
1.5311475409836066
1.4491803278688524
1.4542483660130718
1.4542483660130718
1.4592833876221498
1.4299674267100977
1.4318181818181819
1.422077922077922
1.4239482200647249
1.4239482200647249
1.4258064516129032
1.4258064516129032
1.4308681672025723
1.427652733118971
1.4294871794871795
1.4038461538461537
1.4089456869009584
1.428115015974441
1.4331210191082802
1.4076433121019107
1.4095238095238096
1.434920634920635
1.4398734177215189
1.4272151898734178
1.4290220820189274
1.4195583596214512
1.421383647798742
1.4182389937106918
1.4200626959247649
1.432601880877743
1.434375
1.46875
1.470404984423676
1.4766355140186915
1.4813664596273293
1.4875776397515528
1.4891640866873066
1.4674922600619196
1.4722222222222223
1.478395061728395
1.4830769230769232
1.4123076923076923
1.4141104294478528
1.4294478527607362
1.4311926605504588
1.4128440366972477
1.4176829268292683
1.4115853658536586
1.4133738601823709
1.4012158054711246
1.403030303030303
1.5212121212121212
1.5226586102719033
1.5287009063444108
1.533132530120482
1.5602409638554218
1.5615615615615615
1.5555555555555556
1.5568862275449102
1.5718562874251496
1.5731343283582089
1.5343283582089553
1.5386904761904763
1.5446428571428572
1.5489614243323442
1.5370919881305638
1.5414201183431953
1.5355029585798816
1.5398230088495575
1.5221238938053097
1.5235294117647058
1.4176470588235295
1.4193548387096775
1.4222873900293256
1.4269005847953216
1.4064327485380117
1.4081632653061225
1.4110787172011663
1.4127906976744187
1.4011627906976745
1.4028985507246376
1.4521739130434783
1.4566473988439306
1.476878612716763
1.478386167146974
1.4668587896253602
1.471264367816092
1.4540229885057472
1.4555873925501432
1.4326647564469914
1.437142857142857
1.4514285714285715
1.452991452991453
1.4558404558404558
1.4602272727272727
1.4630681818181819
1.4674220963172804
1.4674220963172804
1.4689265536723164
1.4406779661016949
1.4422535211267606
1.4845070422535211
1.4887640449438202
1.4691011235955056
1.4705882352941178
1.4677871148459383
1.4692737430167597
1.4832402234636872
1.4846796657381616
1.50974930362117
1.5138888888888888
1.5027777777777778
1.5041551246537397
1.5069252077562327
1.511049723756906
1.511049723756906
1.5151515151515151
1.5068870523415978
1.5082417582417582
1.4972527472527473
1.5013698630136987
1.484931506849315
1.489071038251366
1.4672131147540983
1.465940054495913
1.4741144414168936
1.4782608695652173
1.4701086956521738
1.4715447154471544
1.4607046070460705
1.462162162162162
1.454054054054054
1.45822102425876
1.482479784366577
1.4865591397849462
1.4946236559139785
1.4959785522788205
1.4959785522788205
1.4973262032085561
1.4946524064171123
1.4986666666666666
1.5013333333333334
1.502659574468085
1.5
1.5013262599469497
1.4801061007957559
1.4841269841269842
1.4761904761904763
1.4802110817941954
1.4881266490765173
1.4894736842105263
1.4973684210526317
1.4986876640419948
1.4934383202099737
1.4947643979057592
1.486910994764398
1.4882506527415145
1.4882506527415145
1.4895833333333333
1.4739583333333333
1.4753246753246754
1.5142857142857142
1.5181347150259068
1.4766839378238341
1.4780361757105944
1.4935400516795865
1.4974226804123711
1.4948453608247423
1.4987146529562982
1.4961439588688945
1.5
1.5153846153846153
1.5166240409207161
1.537084398976982
1.5408163265306123
1.528061224489796
1.5318066157760815
1.5318066157760815
1.5355329949238579
1.5253807106598984
1.5291139240506328
1.5417721518987342
1.542929292929293
1.5454545454545454
1.54911838790932
1.54911838790932
1.5527638190954773
1.5326633165829147
1.5338345864661653
1.556390977443609
1.56
1.4875
1.4887780548628429
1.4688279301745637
1.472636815920398
1.4502487562189055
1.4516129032258065
1.466501240694789
1.4702970297029703
1.4603960396039604
1.4641975308641975
1.4691358024691359
1.4729064039408868
1.4926108374384237
1.4938574938574938
1.4742014742014742
1.4779411764705883
1.482843137254902
1.4865525672371638
1.4621026894865525
1.4658536585365853
1.4365853658536585
1.437956204379562
1.4452554744525548
1.4490291262135921
1.453883495145631
1.4576271186440677
1.4382566585956416
1.4420289855072463
1.4420289855072463
1.4457831325301205
1.4650602409638553
1.4663461538461537
1.4639423076923077
1.4652278177458034
1.460431654676259
1.4617224880382775
1.4593301435406698
1.4606205250596658
1.458233890214797
1.4595238095238094
1.4214285714285715
1.4228028503562946
1.4180522565320666
1.419431279620853
1.4123222748815165
1.4160756501182032
1.4066193853427895
1.4103773584905661
1.4056603773584906
1.4070588235294117
1.484705882352941
1.488262910798122
1.4694835680751173
1.4730679156908666
1.4660421545667448
1.4672897196261683
1.4602803738317758
1.4615384615384615
1.4638694638694638
1.4651162790697674
1.4604651162790698
1.4640371229698377
1.4593967517401392
1.462962962962963
1.4768518518518519
1.4826789838337182
1.4734411085450347
1.4746543778801844
1.4884792626728112
1.4919540229885058
1.4735632183908045
1.474770642201835
1.5
1.5034324942791761
1.5034324942791761
1.5068493150684932
1.5114155251141552
1.5125284738041003
1.5193621867881548
1.5204545454545455
1.525
1.526077097505669
1.526077097505669
1.5271493212669682
1.5361990950226245
1.5372460496613995
1.528216704288939
1.5315315315315314
1.5360360360360361
1.5370786516853931
1.4764044943820225
1.4775784753363228
1.4775784753363228
1.4809843400447427
1.476510067114094
1.4776785714285714
1.4776785714285714
1.4810690423162582
1.465478841870824
1.4666666666666666
1.5155555555555555
1.516629711751663
1.5033259423503327
1.5066371681415929
1.5176991150442478
1.520971302428256
1.5231788079470199
1.524229074889868
1.513215859030837
1.5142857142857142
1.4945054945054945
1.4978070175438596
1.4956140350877194
1.49890590809628
1.4682713347921226
1.4694323144104804
1.4694323144104804
1.4727668845315904
1.477124183006536
1.4782608695652173
1.5043478260869565
1.5054229934924077
1.492407809110629
1.4956709956709957
1.4935064935064934
1.4946004319654427
1.4924406047516199
1.4956896551724137
1.5021551724137931
1.5053763440860215
1.5075268817204301
1.5107296137339057
1.5064377682403434
1.5074946466809422
1.4946466809421841
1.4957264957264957
1.4957264957264957
1.4968017057569296
1.4904051172707888
1.4914893617021276
1.474468085106383
1.4755838641188959
1.4861995753715498
1.4872881355932204
1.49364406779661
1.4968287526427062
1.4989429175475688
1.5021097046413503
1.4915611814345993
1.4926315789473685
1.503157894736842
1.5063025210084033
1.5168067226890756
1.519916142557652
1.509433962264151
1.5125523012552302
1.5251046025104602
1.5260960334029228
1.5323590814196242
1.5354166666666667
1.49375
1.496881496881497
1.4864864864864864
1.487551867219917
1.4896265560165975
1.4927536231884058
1.4824016563146998
1.4834710743801653
1.4814049586776858
1.4845360824742269
1.5010309278350515
1.5020576131687242
1.5185185185185186
1.5195071868583163
1.5030800821355237
1.5040983606557377
1.5102459016393444
1.5132924335378324
1.507157464212679
1.510204081632653
1.4326530612244899
1.4358452138492872
1.429735234215886
1.4329268292682926
1.4146341463414633
1.4158215010141988
1.411764705882353
1.4149797570850202
1.4210526315789473
1.4242424242424243
1.4646464646464648
1.465725806451613
1.469758064516129
1.470824949698189
1.4748490945674044
1.4759036144578312
1.4759036144578312
1.4769539078156313
1.468937875751503
1.472
1.482
1.4850299401197604
1.473053892215569
1.4760956175298805
1.4741035856573705
1.4751491053677932
1.4811133200795228
1.4821428571428572
1.4563492063492063
1.4594059405940594
1.4455445544554455
1.4466403162055337
1.458498023715415
1.4595660749506902
1.4477317554240632
1.4507874015748032
1.4429133858267718
1.4459724950884087
1.4420432220039292
1.4450980392156862
1.4254901960784314
1.426614481409002
1.4344422700587085
1.435546875
1.43359375
1.4346978557504872
1.4502923976608186
1.45136186770428
1.4552529182879377
1.4563106796116505
1.4970873786407768
1.498062015503876
1.4806201550387597
1.483558994197292
1.5106382978723405
1.5135135135135136
1.5173745173745175
1.5183044315992293
1.5183044315992293
1.5192307692307692
1.498076923076923
1.5009596928982725
1.4990403071017275
1.5
1.4980842911877394
1.5009560229445507
1.4837476099426385
1.4866412213740459
1.4751908396946565
1.4761904761904763
1.4590476190476191
1.4600760456273765
1.450570342205323
1.4516129032258065
1.4383301707779885
1.4393939393939394
1.4431818181818181
1.446124763705104
1.4555765595463137
1.4584905660377359
1.4283018867924528
1.4293785310734464
1.4199623352165724
1.4210526315789473
1.413533834586466
1.4165103189493433
1.4202626641651033
1.4213483146067416
1.4307116104868913
1.4336448598130842
1.4654205607476636
1.4682835820895523
1.4682835820895523
1.4711359404096833
1.5027932960893855
1.5055762081784387
1.5092936802973977
1.510204081632653
1.5009276437847867
1.5037037037037038
1.4777777777777779
1.4805914972273568
1.4695009242144177
1.4723247232472325
1.4760147601476015
1.4788213627992635
1.4732965009208103
1.474264705882353
1.4797794117647058
1.4825688073394496
1.4110091743119266
1.413919413919414
1.4102564102564104
1.4113345521023766
1.413162705667276
1.4142335766423357
1.416058394160584
1.4171220400728597
1.429872495446266
1.4327272727272726
1.4145454545454546
1.4174228675136116
1.4156079854809438
1.4184782608695652
1.4057971014492754
1.406871609403255
1.3924050632911393
1.3935018050541517
1.3790613718411553
1.381981981981982
1.4594594594594594
1.460431654676259
1.45863309352518
1.4614003590664273
1.481149012567325
1.4838709677419355
1.5017921146953406
1.5044722719141324
1.5080500894454383
1.5107142857142857
1.5
1.5026737967914439
1.4955436720142603
1.49644128113879
1.4946619217081851
1.497335701598579
1.492007104795737
1.4946808510638299
1.5053191489361701
1.5061946902654868
1.5327433628318583
1.5353356890459364
1.53886925795053
1.5396825396825398
1.527336860670194
1.5299295774647887
1.5440140845070423
1.546572934973638
1.546572934973638
1.5491228070175438
1.5140350877192983
1.5166374781085814
1.5043782837127846
1.506993006993007
1.520979020979021
1.5218150087260034
1.5200698080279231
1.5226480836236933
1.519163763066202
1.5182608695652173
1.52
1.5225694444444444
1.5260416666666667
1.5268630849220104
1.5129982668977469
1.5155709342560553
1.513840830449827
1.5164075993091537
1.5250431778929188
1.5275862068965518
1.539655172413793
1.5421686746987953
1.5335628227194493
1.5360824742268042
1.5309278350515463
1.5334476843910807
1.5317324185248713
1.5342465753424657
1.5222602739726028
1.523076923076923
1.5025641025641026
1.5034129692832765
1.5017064846416381
1.5025553662691653
1.4991482112436116
1.501700680272109
1.4948979591836735
1.497453310696095
1.4821731748726656
1.4830508474576272
1.4440677966101696
1.4467005076142132
1.4585448392554992
1.4594594594594594
1.4493243243243243
1.4502529510961215
1.445193929173693
1.4478114478114479
1.4478114478114479
1.4504201680672268
1.4789915966386555
1.4798657718120805
1.4731543624161074
1.4740368509212731
1.4924623115577889
1.4949832775919731
1.4899665551839465
1.4908180300500835
1.5041736227045075
1.5066666666666666
1.4916666666666667
1.4925124792013311
1.5074875207986689
1.5083056478405317
1.5099667774086378
1.5124378109452736
1.5091210613598673
1.509933774834437
1.5149006622516556
1.515702479338843
1.5305785123966942
1.533003300330033
1.5165016501650166
1.5189456342668863
1.5255354200988467
1.5279605263157894
1.5296052631578947
1.5303776683087027
1.5155993431855501
1.518032786885246
1.4852459016393442
1.486088379705401
1.4893617021276595
1.4901960784313726
1.4901960784313726
1.4910277324632952
1.4796084828711256
1.480456026058632
1.4706840390879479
1.4715447154471544
1.4569105691056912
1.4594155844155845
1.4545454545454546
1.4554294975688817
1.453808752025932
1.4563106796116505
1.4627831715210355
1.4636510500807753
1.4781906300484653
1.479032258064516
1.532258064516129
1.534621578099839
1.5281803542673107
1.5289389067524115
1.5385852090032155
1.5393258426966292
1.552166934189406
1.5528846153846154
1.5496794871794872
1.5504
1.4672
1.4696485623003195
1.4584664536741214
1.4609250398724083
1.452950558213716
1.4538216560509554
1.4363057324840764
1.437201907790143
1.4340222575516692
1.4365079365079365
1.4444444444444444
1.445324881141046
1.4548335974643423
1.4572784810126582
1.4588607594936709
1.4612954186413902
1.4691943127962086
1.471608832807571
1.4668769716088328
1.4677165354330708
1.447244094488189
1.449685534591195
1.4386792452830188
1.4395604395604396
1.4505494505494505
1.45141065830721
1.457680250783699
1.458528951486698
1.4694835680751173
1.4703125
1.4265625
1.4290171606864275
1.424336973478939
1.425233644859813
1.426791277258567
1.427682737169518
1.4167962674961119
1.4192546583850931
1.4130434782608696
1.413953488372093
1.4666666666666666
1.4674922600619196
1.4659442724458205
1.4683153013910355
1.4837712519319939
1.4861111111111112
1.507716049382716
1.5084745762711864
1.5192604006163328
1.5215384615384615
1.476923076923077
1.4792626728110598
1.477726574500768
1.478527607361963
1.4631901840490797
1.4640122511485452
1.4716692189892802
1.4724770642201834
1.4724770642201834
1.4748091603053435
1.4824427480916031
1.483231707317073
1.483231707317073
1.4840182648401827
1.4992389649923896
1.5
1.5045592705167172
1.5068285280728377
1.5037936267071321
1.5045454545454546
1.4924242424242424
1.4947049924357034
1.4992435703479576
1.501510574018127
1.4833836858006042
1.4856711915535445
1.4751131221719458
1.4774096385542168
1.483433734939759
1.4842105263157894
1.4601503759398495
1.4624624624624625
1.4594594594594594
1.461769115442279
1.461769115442279
1.464071856287425
1.4760479041916168
1.4768310911808669
1.4753363228699552
1.4761194029850746
1.4417910447761193
1.4426229508196722
1.4500745156482862
1.4508928571428572
1.4568452380952381
1.4591381872213967
1.4591381872213967
1.4614243323442135
1.4554896142433233
1.4562962962962962
1.4859259259259259
1.4881656804733727
1.4940828402366864
1.4963072378138849
1.5051698670605613
1.5073746312684366
1.5132743362831858
1.5154639175257731
1.519882179675994
1.5220588235294117
1.4485294117647058
1.449339207048458
1.4419970631424377
1.4442815249266863
1.4398826979472141
1.4421669106881405
1.4626647144948755
1.463450292397661
1.4707602339181287
1.472992700729927
1.4306569343065694
1.4329446064139941
1.4285714285714286
1.4294032023289664
1.430858806404658
1.431686046511628
1.440406976744186
1.4426705370101596
1.4339622641509433
1.434782608695652
1.5072463768115942
1.5094066570188134
1.5151953690303908
1.5158959537572254
1.5346820809248556
1.5367965367965368
1.5382395382395382
1.5389048991354466
1.5403458213256485
1.5424460431654676
1.520863309352518
1.5229885057471264
1.5316091954022988
1.5322812051649928
1.5078909612625537
1.508595988538682
1.510028653295129
1.5121602288984264
1.513590844062947
1.5142857142857142
1.4614285714285715
1.4621968616262482
1.442225392296719
1.443019943019943
1.4572649572649572
1.4580369843527738
1.4594594594594594
1.4616477272727273
1.4573863636363635
1.4595744680851064
1.5177304964539007
1.519830028328612
1.5127478753541077
1.5134370579915135
1.5106082036775106
1.5112994350282485
1.5141242937853108
1.5148095909732018
1.5119887165021157
1.5126760563380282
1.5211267605633803
1.5218002812939522
1.5274261603375527
1.5280898876404494
1.5449438202247192
1.5455820476858344
1.5371669004207573
1.5378151260504203
1.5434173669467788
1.5454545454545454
1.4783216783216784
1.479050279329609
1.48463687150838
1.4867503486750349
1.4686192468619246
1.4707520891364902
1.4540389972144847
1.454798331015299
1.4561891515994436
1.4583333333333333
1.4722222222222223
1.4729542302357836
1.463245492371706
1.4653739612188366
1.4681440443213296
1.4688796680497926
1.4716459197787
1.4723756906077348
1.473756906077348
1.4758620689655173
1.5006896551724138
1.5013774104683195
1.5110192837465564
1.5130674002751032
1.515818431911967
1.5164835164835164
1.521978021978022
1.522633744855967
1.5171467764060356
1.5178082191780822
1.4945205479452055
1.4952120383036935
1.4883720930232558
1.489071038251366
1.4877049180327868
1.4884038199181446
1.4924965893587994
1.4931880108991826
1.5108991825613078
1.5115646258503401
1.4857142857142858
1.486413043478261
1.485054347826087
1.4871099050203527
1.4898236092265944
1.4905149051490514
1.4905149051490514
1.4912043301759135
1.4776725304465494
1.4797297297297298
1.4486486486486487
1.4507422402159245
1.4453441295546559
1.4460916442048517
1.4326145552560647
1.4333781965006729
1.4279946164199193
1.4301075268817205
1.4314516129032258
1.4322147651006711
1.465771812080537
1.467828418230563
1.4785522788203753
1.4792503346720214
1.4832663989290495
1.4839572192513368
1.4906417112299466
1.4913217623497996
1.4899866488651536
1.4906666666666666
1.5133333333333334
1.5139813581890813
1.503328894806924
1.5053191489361701
1.4986702127659575
1.49933598937583
1.50332005312085
1.5039787798408488
1.5172413793103448
1.519205298013245
1.4556291390728477
1.4563492063492063
1.4735449735449735
1.47556142668428
1.4583883751651254
1.4604221635883905
1.45778364116095
1.4598155467720686
1.4571805006587615
1.4578947368421054
1.4736842105263157
1.4743758212877793
1.4664914586070958
1.468503937007874
1.484251968503937
1.4862385321100917
1.4927916120576672
1.4947643979057592
1.5026178010471205
1.5032679738562091
1.473202614379085
1.4738903394255876
1.4569190600522193
1.4576271186440677
1.455019556714472
1.45703125
1.46484375
1.4655396618985697
1.4681404421326398
1.4701298701298702
1.5129870129870129
1.5149156939040207
1.517509727626459
1.5181347150259068
1.5142487046632125
1.5148771021992238
1.517464424320828
1.5193798449612403
1.5219638242894056
1.5225806451612902
1.5393548387096774
1.5399484536082475
1.5451030927835052
1.546975546975547
1.5444015444015444
1.544987146529563
1.5411311053984575
1.5417201540436456
1.5584082156611039
1.5602564102564103
1.5
1.501920614596671
1.4878361075544173
1.4884910485933505
1.4846547314578005
1.4853128991060025
1.4725415070242656
1.4732142857142858
1.4604591836734695
1.462420382165605
1.4993630573248407
1.5
1.5076335877862594
1.508259212198221
1.4993646759847523
1.5
1.5
1.5006337135614702
1.508238276299113
1.508860759493671
1.6151898734177215
1.615676359039191
1.6396965865992414
1.6414141414141414
1.6578282828282829
1.6582597730138713
1.6771752837326608
1.6788413098236776
1.681360201511335
1.6830188679245284
1.5031446540880504
1.5037688442211055
1.464824120603015
1.466750313676286
1.4466750313676286
1.4486215538847118
1.431077694235589
1.4317897371714643
1.4305381727158948
1.4325
1.465
1.466916354556804
1.491885143570537
1.4937655860349128
1.5149625935162094
1.5168119551681196
1.5292652552926524
1.5310945273631842
1.5223880597014925
1.5229813664596272
1.479503105590062
1.4801488833746899
1.4627791563275434
1.4634448574969021
1.4572490706319703
1.4591584158415842
1.4443069306930694
1.4449938195302843
1.4412855377008653
1.4419753086419753
1.4469135802469135
1.4475955610357583
1.4414303329223181
1.4433497536945812
1.438423645320197
1.4391143911439115
1.4403444034440345
1.441031941031941
1.4434889434889435
1.445398773006135
1.5079754601226993
1.508578431372549
1.5183823529411764
1.5189718482252141
1.5361077111383108
1.5378973105134475
1.539119804400978
1.5396825396825398
1.5299145299145298
1.5304878048780488
1.4878048780487805
1.4884287454323994
1.477466504263094
1.4793187347931873
1.4622871046228711
1.4641555285540704
1.4556500607533414
1.4563106796116505
1.4550970873786409
1.456969696969697
1.4593939393939395
1.460048426150121
1.463680387409201
1.4655380894800483
1.4800483675937122
1.4806763285024154
1.4698067632850242
1.4704463208685163
1.4632086851628467
1.463855421686747
1.4746987951807229
1.476534296028881
1.4849578820697955
1.4867788461538463
1.4891826923076923
1.489795918367347
1.482593037214886
1.484412470023981
1.4904076738609113
1.4910179640718564
1.4790419161676647
1.4808612440191387
1.4748803827751196
1.4767025089605734
1.4695340501792116
1.4725536992840096
1.454653937947494
1.4564958283671037
1.467222884386174
1.4690476190476192
1.4773809523809525
1.4791914387633769
1.474435196195006
1.4762470308788598
1.4809976247030878
1.482799525504152
1.4875444839857652
1.4893364928909953
1.4917061611374407
1.493491124260355
1.501775147928994
1.5023640661938533
1.5130023640661938
1.5135773317591499
1.5088547815820543
1.509433962264151
1.5058962264150944
1.507656065959953
1.507656065959953
1.5082352941176471
1.4917647058823529
1.4935370152761458
1.4888366627497063
1.4894366197183098
1.482394366197183
1.4830011723329426
1.481828839390387
1.4824355971896956
1.4800936768149884
1.4818713450292398
1.488888888888889
1.4894859813084111
1.480140186915888
1.4819136522753793
1.4655775962660444
1.4673659673659674
1.4662004662004662
1.4668218859138533
1.480791618160652
1.4813953488372094
1.4732558139534884
1.4738675958188154
1.4715447154471544
1.4721577726218098
1.474477958236659
1.4762456546929317
1.4716106604866743
1.4733796296296295
1.4652777777777777
1.4658959537572254
1.484393063583815
1.4849884526558892
1.4953810623556583
1.497116493656286
1.494809688581315
1.4953917050691243
1.4942396313364055
1.4959723820483315
1.5132336018411967
1.513793103448276
1.4839080459770115
1.4856486796785304
1.4833524684270953
1.485091743119266
1.4805045871559632
1.4822451317296679
1.4822451317296679
1.4839816933638443
1.4851258581235698
1.4857142857142858
1.497142857142857
1.4988584474885844
1.4840182648401827
1.4857468643101481
1.4857468643101481
1.4863325740318907
1.4840546697038723
1.484641638225256
1.4857792946530148
1.4875
1.4920454545454545
1.492622020431328
1.5005675368898979
1.5011337868480725
1.502267573696145
1.5028312570781428
1.4915062287655718
1.492081447963801
1.4796380090497738
1.4802259887005649
1.511864406779661
1.512415349887133
1.5146726862302482
1.516347237880496
1.5152198421645997
1.5168918918918919
1.5225225225225225
1.5230596175478066
1.516310461192351
1.5179775280898877
1.4808988764044944
1.4826038159371493
1.4792368125701458
1.4809417040358743
1.4786995515695067
1.479283314669653
1.4748040313549833
1.476510067114094
1.4865771812080537
1.488268156424581
1.4715083798882682
1.4732142857142858
1.4821428571428572
1.483835005574136
1.471571906354515
1.4721603563474388
1.4543429844097995
1.4560622914349277
1.4549499443826475
1.4555555555555555
1.46
1.460599334073252
1.4594894561598224
1.4611973392461197
1.4645232815964524
1.4651162790697674
1.4662236987818382
1.467920353982301
1.4745575221238938
1.4762430939226519
1.5116022099447515
1.5132450331125828
1.5088300220750552
1.5093715545755237
1.4950385887541344
1.4966960352422907
1.4966960352422907
1.4983498349834983
1.506050605060506
1.5065934065934066
1.4714285714285715
1.473106476399561
1.4522502744237102
1.4528508771929824
1.4418859649122806
1.44249726177437
1.447973713033954
1.4485776805251642
1.4354485776805253
1.4360655737704917
1.498360655737705
1.4989082969432315
1.5218340611353711
1.5223555070883314
1.5365321701199564
1.5381263616557734
1.5435729847494553
1.544069640914037
1.5451577801958651
1.5456521739130435
1.5119565217391304
1.51357220412595
1.517915309446254
1.5184381778741864
1.507592190889371
1.5081256771397618
1.4972914409534128
1.498917748917749
1.5075757575757576
1.508108108108108
1.4994594594594595
1.5
1.4978401727861772
1.4983818770226538
1.5016181229773462
1.5032327586206897
1.4935344827586208
1.4940796555435953
1.4865446716899893
1.4881720430107528
1.4752688172043011
1.476906552094522
1.4865735767991408
1.488197424892704
1.488197424892704
1.489817792068596
1.4866023579849947
1.4871520342612419
1.4796573875802999
1.4802139037433155
1.4684491978609626
1.4690170940170941
1.4690170940170941
1.4706510138740663
1.4749199573105656
1.4754797441364607
1.4733475479744136
1.4739084132055378
1.4802981895633653
1.4819148936170212
1.4829787234042553
1.4835281615302869
1.4824654622741764
1.4830148619957537
1.4713375796178343
1.4729586426299046
1.474019088016967
1.4756355932203389
1.4661016949152543
1.4677248677248678
1.5005291005291006
1.5010570824524312
1.5169133192389006
1.5184794086589228
1.536430834213305
1.5379746835443038
1.5327004219409284
1.5342465753424657
1.5268703898840885
1.528421052631579
1.5157894736842106
1.5162986330178758
1.5184016824395374
1.5199579831932772
1.5210084033613445
1.5225603357817419
1.5225603357817419
1.5241090146750524
1.519916142557652
1.5204188481675394
1.506806282722513
1.50836820083682
1.497907949790795
1.4994775339602926
1.502612330198537
1.5041753653444676
1.4979123173277662
1.4994786235662148
1.505735140771637
1.5072916666666667
1.4729166666666667
1.473465140478668
1.4911550468262227
1.4916839916839917
1.4864864864864864
1.4880581516095535
1.4953271028037383
1.4968879668049793
1.508298755186722
1.5088082901554405
1.5129533678756477
1.5144927536231885
1.5093167701863355
1.5098241985522234
1.4912099276111686
1.4917355371900827
1.4824380165289257
1.4840041279669762
1.474716202270382
1.475257731958763
1.4649484536082473
1.466529351184346
1.4613800205973224
1.462962962962963
1.4619341563786008
1.462487153134635
1.450154162384378
1.4507186858316221
1.4661190965092403
1.4666666666666666
1.4964102564102564
1.4969262295081966
1.5030737704918034
1.503582395087001
1.5097236438075743
1.5112474437627812
1.5194274028629857
1.5199182839632277
1.508682328907048
1.510204081632653
1.4989795918367348
1.5005096839959224
1.4974515800203874
1.4979633401221997
1.4826883910386965
1.484231943031536
1.4964394710071212
1.4979674796747968
1.511178861788618
1.5116751269035533
1.4893401015228427
1.4908722109533468
1.4918864097363083
1.4924012158054711
1.5045592705167172
1.5060728744939271
1.4848178137651822
1.4863498483316482
1.4802831142568251
1.481818181818182
1.4595959595959596
1.4601412714429869
1.4783047426841573
1.4798387096774193
1.4747983870967742
1.4753272910372608
1.487411883182276
1.487927565392354
1.4869215291750504
1.4874371859296482
1.4703517587939698
1.4718875502008033
1.4698795180722892
1.4704112337011033
1.4623871614844535
1.4629258517034067
1.465931863727455
1.4674674674674675
1.4694694694694694
1.4694694694694694
1.5135135135135136
1.5135135135135136
1.5105105105105106
1.5105105105105106
1.5105105105105106
1.5105105105105106
1.5165165165165164
1.5165165165165164
1.5085085085085086
1.5085085085085086
1.4644644644644644
1.4644644644644644
1.4524524524524525
1.4524524524524525
1.4394394394394394
1.4394394394394394
1.4434434434434436
1.4434434434434436
1.4424424424424425
1.4424424424424425
1.5095095095095095
1.5095095095095095
1.5145145145145145
1.5145145145145145
1.5285285285285286
1.5285285285285286
1.5205205205205206
1.5205205205205206
1.5305305305305306
1.5305305305305306
1.5025025025025025
1.5025025025025025
1.4984984984984986
1.4984984984984986
1.4934934934934936
1.4934934934934936
1.4814814814814814
1.4814814814814814
1.4874874874874875
1.4874874874874875
1.5285285285285286
1.5285285285285286
1.5315315315315314
1.5315315315315314
1.5355355355355356
1.5355355355355356
1.5285285285285286
1.5285285285285286
1.5255255255255256
1.5255255255255256
1.4764764764764764
1.4764764764764764
1.4674674674674675
1.4674674674674675
1.4674674674674675
1.4674674674674675
1.4734734734734736
1.4734734734734736
1.4634634634634636
1.4634634634634636
1.5015015015015014
1.5015015015015014
1.5085085085085086
1.5085085085085086
1.5015015015015014
1.5015015015015014
1.5045045045045045
1.5045045045045045
1.4984984984984986
1.4984984984984986
1.5005005005005005
1.5005005005005005
1.5035035035035036
1.5035035035035036
1.5125125125125125
1.5125125125125125
1.5065065065065064
1.5065065065065064
1.4924924924924925
1.4924924924924925
1.5245245245245245
1.5245245245245245
1.5305305305305306
1.5305305305305306
1.5375375375375375
1.5375375375375375
1.5365365365365364
1.5365365365365364
1.5425425425425425
1.5425425425425425
1.4824824824824825
1.4824824824824825
1.4844844844844844
1.4844844844844844
1.4744744744744744
1.4744744744744744
1.4864864864864864
1.4864864864864864
1.4784784784784786
1.4784784784784786
1.4534534534534536
1.4534534534534536
1.4604604604604605
1.4604604604604605
1.4634634634634636
1.4634634634634636
1.4564564564564564
1.4564564564564564
1.4614614614614614
1.4614614614614614
1.4894894894894894
1.4894894894894894
1.4944944944944945
1.4944944944944945
1.5025025025025025
1.5025025025025025
1.5035035035035036
1.5035035035035036
1.5045045045045045
1.5045045045045045
1.4454454454454455
1.4454454454454455
1.4524524524524525
1.4524524524524525
1.4374374374374375
1.4374374374374375
1.4194194194194194
1.4194194194194194
1.4204204204204205
1.4204204204204205
1.4604604604604605
1.4604604604604605
1.4524524524524525
1.4524524524524525
1.4704704704704705
1.4704704704704705
1.4874874874874875
1.4874874874874875
1.4754754754754755
1.4754754754754755
1.4534534534534536
1.4534534534534536
1.4564564564564564
1.4564564564564564
1.4524524524524525
1.4524524524524525
1.4474474474474475
1.4474474474474475
1.4614614614614614
1.4614614614614614
1.4604604604604605
1.4604604604604605
1.4604604604604605
1.4604604604604605
1.4564564564564564
1.4564564564564564
1.4584584584584586
1.4584584584584586
1.4404404404404405
1.4404404404404405
1.4604604604604605
1.4604604604604605
1.4764764764764764
1.4764764764764764
1.4804804804804805
1.4804804804804805
1.4784784784784786
1.4784784784784786
1.4894894894894894
1.4894894894894894
1.4974974974974975
1.4974974974974975
1.4964964964964964
1.4964964964964964
1.5055055055055055
1.5055055055055055
1.5145145145145145
1.5145145145145145
1.5175175175175175
1.5175175175175175
1.4844844844844844
1.4844844844844844
1.4814814814814814
1.4814814814814814
1.4684684684684686
1.4684684684684686
1.4694694694694694
1.4694694694694694
1.4634634634634636
1.4634634634634636
1.4444444444444444
1.4444444444444444
1.4404404404404405
1.4404404404404405
1.4454454454454455
1.4454454454454455
1.4244244244244244
1.4244244244244244
1.4224224224224224
1.4224224224224224
1.4544544544544544
1.4544544544544544
1.4604604604604605
1.4604604604604605
1.4654654654654655
1.4654654654654655
1.4694694694694694
1.4694694694694694
1.4544544544544544
1.4544544544544544
1.4624624624624625
1.4624624624624625
1.4664664664664664
1.4664664664664664
1.4694694694694694
1.4694694694694694
1.4764764764764764
1.4764764764764764
1.4904904904904905
1.4904904904904905
1.5225225225225225
1.5225225225225225
1.5255255255255256
1.5255255255255256
1.5325325325325325
1.5325325325325325
1.5365365365365364
1.5365365365365364
1.5345345345345345
1.5345345345345345
1.4524524524524525
1.4524524524524525
1.4454454454454455
1.4454454454454455
1.4474474474474475
1.4474474474474475
1.4414414414414414
1.4414414414414414
1.4454454454454455
1.4454454454454455
1.5175175175175175
1.5175175175175175
1.5225225225225225
1.5225225225225225
1.5275275275275275
1.5275275275275275
1.5385385385385386
1.5385385385385386
1.5405405405405406
1.5405405405405406
1.4624624624624625
1.4624624624624625
1.4484484484484486
1.4484484484484486
1.4444444444444444
1.4444444444444444
1.4394394394394394
1.4394394394394394
1.4274274274274275
1.4274274274274275
1.4394394394394394
1.4394394394394394
1.4384384384384385
1.4384384384384385
1.4394394394394394
1.4394394394394394
1.4404404404404405
1.4404404404404405
1.4494494494494494
1.4494494494494494
1.4224224224224224
1.4224224224224224
1.4134134134134133
1.4134134134134133
1.4064064064064064
1.4064064064064064
1.3953953953953955
1.3953953953953955
1.3953953953953955
1.3953953953953955
1.4744744744744744
1.4744744744744744
1.4854854854854855
1.4854854854854855
1.4974974974974975
1.4974974974974975
1.5025025025025025
1.5025025025025025
1.5145145145145145
1.5145145145145145
1.4854854854854855
1.4854854854854855
1.4724724724724725
1.4724724724724725
1.4764764764764764
1.4764764764764764
1.4764764764764764
1.4764764764764764
1.4744744744744744
1.4744744744744744
1.4664664664664664
1.4664664664664664
1.4814814814814814
1.4814814814814814
1.4724724724724725
1.4724724724724725
1.4764764764764764
1.4764764764764764
1.4684684684684686
1.4684684684684686
1.4714714714714714
1.4714714714714714
1.4724724724724725
1.4724724724724725
1.4724724724724725
1.4724724724724725
1.4704704704704705
1.4704704704704705
1.4824824824824825
1.4824824824824825
1.4904904904904905
1.4904904904904905
1.4924924924924925
1.4924924924924925
1.4984984984984986
1.4984984984984986
1.4814814814814814
1.4814814814814814
1.4824824824824825
1.4824824824824825
1.4924924924924925
1.4924924924924925
1.5005005005005005
1.5005005005005005
1.5175175175175175
1.5175175175175175
1.5345345345345345
1.5345345345345345
1.5285285285285286
1.5285285285285286
1.5145145145145145
1.5145145145145145
1.4954954954954955
1.4954954954954955
1.4834834834834836
1.4834834834834836
1.4794794794794794
1.4794794794794794
1.4694694694694694
1.4694694694694694
1.4744744744744744
1.4744744744744744
1.4814814814814814
1.4814814814814814
1.4764764764764764
1.4764764764764764
1.4674674674674675
1.4674674674674675
1.4744744744744744
1.4744744744744744
1.4644644644644644
1.4644644644644644
1.4594594594594594
1.4594594594594594
1.4584584584584586
1.4584584584584586
1.4604604604604605
1.4604604604604605
1.4574574574574575
1.4574574574574575
1.4914914914914914
1.4914914914914914
1.4994994994994995
1.4994994994994995
1.4954954954954955
1.4954954954954955
1.5075075075075075
1.5075075075075075
1.5235235235235236
1.5235235235235236
1.4434434434434436
1.4434434434434436
1.4314314314314314
1.4314314314314314
1.4294294294294294
1.4294294294294294
1.4114114114114114
1.4114114114114114
1.3893893893893894
1.3893893893893894
1.4124124124124124
1.4124124124124124
1.4224224224224224
1.4224224224224224
1.4394394394394394
1.4394394394394394
1.4354354354354355
1.4354354354354355
1.4614614614614614
1.4614614614614614
1.4534534534534536
1.4534534534534536
1.4704704704704705
1.4704704704704705
1.4694694694694694
1.4694694694694694
1.4654654654654655
1.4654654654654655
1.4784784784784786
1.4784784784784786
1.4634634634634636
1.4634634634634636
1.4564564564564564
1.4564564564564564
1.4404404404404405
1.4404404404404405
1.4374374374374375
1.4374374374374375
1.4404404404404405
1.4404404404404405
1.4784784784784786
1.4784784784784786
1.4904904904904905
1.4904904904904905
1.5035035035035036
1.5035035035035036
1.5025025025025025
1.5025025025025025
1.5055055055055055
1.5055055055055055
1.4924924924924925
1.4924924924924925
1.4914914914914914
1.4914914914914914
1.4874874874874875
1.4874874874874875
1.4854854854854855
1.4854854854854855
1.4944944944944945
1.4944944944944945
1.4904904904904905
1.4904904904904905
1.4924924924924925
1.4924924924924925
1.4854854854854855
1.4854854854854855
1.4794794794794794
1.4794794794794794
1.4684684684684686
1.4684684684684686
1.4654654654654655
1.4654654654654655
1.4594594594594594
1.4594594594594594
1.4474474474474475
1.4474474474474475
1.4564564564564564
1.4564564564564564
1.4594594594594594
1.4594594594594594
1.4504504504504505
1.4504504504504505
1.4584584584584586
1.4584584584584586
1.4634634634634636
1.4634634634634636
1.4684684684684686
1.4684684684684686
1.4744744744744744
1.4744744744744744
1.4814814814814814
1.4814814814814814
1.4854854854854855
1.4854854854854855
1.5095095095095095
1.5095095095095095
1.5145145145145145
1.5145145145145145
1.4944944944944945
1.4944944944944945
1.4824824824824825
1.4824824824824825
1.4894894894894894
1.4894894894894894
1.4764764764764764
1.4764764764764764
1.4744744744744744
1.4744744744744744
1.4834834834834836
1.4834834834834836
1.4984984984984986
1.4984984984984986
1.5005005005005005
1.5005005005005005
1.5005005005005005
1.5005005005005005
1.5055055055055055
1.5055055055055055
1.5025025025025025
1.5025025025025025
1.4484484484484486
1.4484484484484486
1.4434434434434436
1.4434434434434436
1.4384384384384385
1.4384384384384385
1.4284284284284283
1.4284284284284283
1.4124124124124124
1.4124124124124124
1.4754754754754755
1.4754754754754755
1.4784784784784786
1.4784784784784786
1.4964964964964964
1.4964964964964964
1.5115115115115114
1.5115115115115114
1.5165165165165164
1.5165165165165164
