53.62418300653595
32.553376906318086
16.498910675381264
11.691721132897603
8.907407407407407
8.160130718954248
7.382352941176471
6.1797385620915035
6.312636165577342
6.183006535947713
6.023965141612201
5.785403050108933
5.674291938997821
5.59041394335512
4.733115468409586
5.419389978213507
4.447712418300654
4.4411764705882355
4.430283224400871
4.4411764705882355
5.234204793028322
5.181917211328976
5.172113289760349
5.084967320261438
5.071895424836601
5.103485838779957
5.057734204793029
5.045751633986928
5.05446623093682
4.605664488017429
3.863834422657952
3.9095860566448803
3.3398692810457518
3.291938997821351
3.2766884531590414
3.281045751633987
3.167755991285403
3.1459694989106755
3.122004357298475
3.1525054466230937
3.054466230936819
3.026143790849673
3.3453159041394334
3.2886710239651418
3.179738562091503
3.0065359477124183
2.977124183006536
2.8333333333333335
2.752723311546841
2.7657952069716774
2.664488017429194
2.6546840958605666
2.5729847494553377
2.593681917211329
2.5925925925925926
2.554466230936819
2.5501089324618738
2.6122004357298474
2.4651416122004357
2.423747276688453
2.4357298474945535
2.457516339869281
2.422657952069717
2.4161220043572986
2.3703703703703702
2.3986928104575163
2.3594771241830066
2.309368191721133
2.321350762527233
2.3300653594771243
2.315904139433551
2.316993464052288
2.287581699346405
2.2832244008714597
2.3028322440087146
2.303921568627451
2.263616557734205
2.2777777777777777
2.263616557734205
2.258169934640523
2.2657952069716774
2.247276688453159
2.2342047930283226
2.2450980392156863
2.229847494553377
2.187363834422658
2.167755991285403
2.1699346405228757
2.1862745098039214
2.176470588235294
2.196078431372549
2.1546840958605666
2.15359477124183
2.100217864923747
2.1350762527233114
2.099128540305011
2.1143790849673203
2.1209150326797386
2.116557734204793
2.1350762527233114
2.1633986928104574
2.1666666666666665
2.1775599128540306
2.1775599128540306
2.1699346405228757
2.1710239651416123
2.1775599128540306
2.1459694989106755
2.157952069716776
2.1655773420479303
2.206971677559913
2.19281045751634
2.218954248366013
2.2494553376906317
2.1949891067538125
2.215686274509804
2.218954248366013
2.2342047930283226
2.2167755991285403
2.2211328976034856
2.2004357298474946
2.213507625272331
2.1993464052287583
2.208061002178649
2.201525054466231
2.208061002178649
2.1808278867102397
2.206971677559913
2.2178649237472765
2.201525054466231
2.1808278867102397
2.164488017429194
2.208061002178649
2.2254901960784315
2.2483660130718954
2.235294117647059
2.2091503267973858
2.2320261437908497
2.2679738562091503
2.261437908496732
2.2603485838779958
2.3017429193899783
2.2690631808278865
2.266884531590414
2.24400871459695
2.238562091503268
2.258169934640523
2.293028322440087
2.3191721132897603
2.2941176470588234
2.3061002178649237
2.3061002178649237
2.2995642701525054
2.3028322440087146
2.2788671023965144
2.293028322440087
2.284313725490196
2.3082788671023966
2.293028322440087
2.3333333333333335
2.2766884531590414
2.2995642701525054
2.2886710239651418
2.291938997821351
2.272331154684096
2.262527233115468
2.258169934640523
2.252723311546841
2.264705882352941
2.2603485838779958
2.2777777777777777
2.2538126361655775
2.2450980392156863
2.241830065359477
2.259259259259259
2.286492374727669
2.3082788671023966
2.2941176470588234
2.3224400871459694
2.3191721132897603
2.3278867102396514
2.323529411764706
2.3485838779956425
2.342047930283224
2.3736383442265794
2.340958605664488
2.315904139433551
2.367102396514161
2.344226579520697
2.360566448801743
2.34640522875817
2.318082788671024
2.3344226579520697
2.3017429193899783
2.315904139433551
2.286492374727669
2.2854030501089326
2.293028322440087
2.3311546840958606
2.320261437908497
2.310457516339869
2.3050108932461875
2.3224400871459694
2.315904139433551
2.312636165577342
2.314814814814815
2.309368191721133
2.3115468409586057
2.3257080610021785
2.3289760348583877
2.314814814814815
2.2777777777777777
2.2745098039215685
2.320261437908497
2.337690631808279
2.289760348583878
2.316993464052288
2.2821350762527235
2.2450980392156863
2.2287581699346406
2.218954248366013
2.213507625272331
2.184095860566449
2.1688453159041394
2.156862745098039
2.1699346405228757
2.1514161220043575
2.1633986928104574
2.15359477124183
2.1710239651416123
2.187363834422658
2.181917211328976
2.1416122004357296
2.128540305010893
2.156862745098039
2.1383442265795205
2.1459694989106755
2.1525054466230937
2.1514161220043575
2.1176470588235294
2.1416122004357296
2.1437908496732025
2.190631808278867
2.173202614379085
2.1383442265795205
2.1546840958605666
2.1808278867102397
2.2167755991285403
2.212418300653595
2.1993464052287583
2.183006535947712
2.185185185185185
2.1688453159041394
2.1808278867102397
2.167755991285403
2.1459694989106755
2.183006535947712
2.15359477124183
2.1721132897603486
2.183006535947712
2.161220043572985
2.1742919389978215
2.161220043572985
2.1753812636165577
2.1753812636165577
2.1917211328976034
2.2145969498910674
2.1688453159041394
2.1481481481481484
2.1383442265795205
2.1437908496732025
2.130718954248366
2.111111111111111
2.136165577342048
2.132897603485839
2.157952069716776
2.1241830065359477
2.1350762527233114
2.1143790849673203
2.096949891067538
2.093681917211329
2.1176470588235294
2.0838779956427014
2.076252723311547
2.0577342047930283
2.0784313725490198
2.107843137254902
2.0904139433551197
2.100217864923747
2.103485838779956
2.084967320261438
2.107843137254902
2.1209150326797386
2.0980392156862746
2.0980392156862746
2.099128540305011
2.1230936819172115
2.1350762527233114
2.1710239651416123
2.1655773420479303
2.1514161220043575
2.127450980392157
2.127450980392157
2.103485838779956
2.0838779956427014
2.10239651416122
2.110021786492375
2.104575163398693
2.0610021786492374
2.049019607843137
2.0664488017429194
2.053376906318083
2.0631808278867103
2.0435729847494555
2.070806100217865
2.0718954248366015
2.0729847494553377
2.0751633986928106
2.0729847494553377
2.074074074074074
2.0501089324618738
2.0915032679738563
2.084967320261438
2.093681917211329
2.0980392156862746
2.082788671023965
2.0871459694989105
2.0925925925925926
2.099128540305011
2.113289760348584
2.076252723311547
2.074074074074074
2.0718954248366015
2.056644880174292
2.037037037037037
2.0501089324618738
2.0871459694989105
2.0980392156862746
2.088235294117647
2.0904139433551197
2.096949891067538
2.107843137254902
2.133986928104575
2.1383442265795205
2.1296296296296298
2.1427015250544663
2.1241830065359477
2.104575163398693
2.125272331154684
2.1241830065359477
2.162309368191721
2.1437908496732025
2.1525054466230937
2.173202614379085
2.1775599128540306
2.2026143790849675
2.178649237472767
2.179738562091503
2.1514161220043575
2.1710239651416123
2.155773420479303
2.150326797385621
2.1481481481481484
2.1481481481481484
2.1775599128540306
2.150326797385621
2.155773420479303
2.155773420479303
2.155773420479303
2.2200435729847494
2.1884531590413943
2.1917211328976034
2.1949891067538125
2.1688453159041394
2.162309368191721
2.184095860566449
2.1721132897603486
2.1666666666666665
2.179738562091503
2.1470588235294117
2.1383442265795205
2.1884531590413943
2.178649237472767
2.173202614379085
2.1993464052287583
2.218954248366013
2.2178649237472765
2.237472766884532
2.237472766884532
2.240740740740741
2.2178649237472765
2.2222222222222223
2.1993464052287583
2.2167755991285403
2.2461873638344225
2.262527233115468
2.2309368191721135
2.2450980392156863
2.262527233115468
2.2745098039215685
2.309368191721133
2.2821350762527235
2.2549019607843137
2.2766884531590414
2.2788671023965144
2.2679738562091503
2.264705882352941
2.262527233115468
2.2549019607843137
2.238562091503268
2.2549019607843137
2.275599128540305
2.286492374727669
2.266884531590414
2.238562091503268
2.266884531590414
2.247276688453159
2.187363834422658
2.1742919389978215
2.2167755991285403
2.240740740740741
2.24400871459695
2.2429193899782134
2.2254901960784315
2.218954248366013
2.2461873638344225
2.2538126361655775
2.286492374727669
2.263616557734205
2.264705882352941
2.261437908496732
2.2690631808278865
2.2734204793028323
2.2886710239651418
2.272331154684096
2.25599128540305
2.2450980392156863
2.2396514161220042
2.233115468409586
2.2113289760348582
2.167755991285403
2.185185185185185
2.1459694989106755
2.1721132897603486
2.178649237472767
2.155773420479303
2.144880174291939
2.1546840958605666
2.1459694989106755
2.1514161220043575
2.1122004357298474
2.1230936819172115
2.1383442265795205
2.116557734204793
2.136165577342048
2.1198257080610023
2.179738562091503
2.127450980392157
2.1318082788671022
2.1154684095860565
2.1405228758169934
2.1459694989106755
2.125272331154684
2.128540305010893
2.10239651416122
2.079520697167756
2.081699346405229
2.074074074074074
2.0904139433551197
2.0729847494553377
2.100217864923747
2.1089324618736383
2.1143790849673203
2.105664488017429
2.0806100217864922
2.0980392156862746
2.0610021786492374
2.093681917211329
2.105664488017429
2.1427015250544663
2.1383442265795205
2.1601307189542482
2.1525054466230937
2.150326797385621
2.162309368191721
2.099128540305011
2.084967320261438
2.0925925925925926
2.0871459694989105
2.088235294117647
2.082788671023965
2.0915032679738563
2.0784313725490198
2.088235294117647
2.079520697167756
2.0838779956427014
2.104575163398693
2.0904139433551197
2.107843137254902
2.1241830065359477
